Angle(2nd column)  Width(5th column)   Thickness(Section Assignment)
 [-24.0472166    4.37283815   4.25568388]
 [-26.12840885   4.58020251   2.69781566]
 [-13.90796556   4.85066286   2.52608496]
 [-29.13675503   3.72006044   2.3023117 ]
 [-27.34885759   3.03916887   2.40688579]
 [ 11.07860636   4.08039561   3.62213257]
 [-12.06198059   4.44987512   3.72069317]
 [  6.08746385   2.97013526   2.18987935]
 [ 15.58293527   2.15399439   4.99960036]
 [-19.12572211   3.22289365   4.51057816]
 [ -7.59723575   2.75556099   3.33010594]
 [  3.18450695   2.53001182   3.96941512]
 [ -3.17289862   2.46063766   2.96482595]
 [-10.96128288   4.80152862   2.58965797]
 [ 28.33079654   4.63232491   4.05937828]
 [  2.55563176   2.81657729   2.00436919]
 [-23.63428964   3.77284602   2.22101789]
 [ 22.08783745   3.06901431   3.37128379]
 [-21.60699571   2.12348985   4.85515497]
 [  4.30413267   3.35638211   4.92973219]
 [ 17.90656825   4.4708338    2.64567266]
 [-28.19461743   3.34209596   2.76167291]
 [-14.24404581   2.69284986   3.84546857]
 [-15.28149294   3.29090392   3.93619877]
 [-25.02959689   3.98010185   4.80608347]
 [ 23.53091392   2.72115245   3.06104304]
 [ -5.64611554   2.08561052   2.13330859]
 [ 14.00812475   4.14587657   3.00092323]
 [ 16.10172874   2.34401034   4.61676267]
 [ -9.9210704    4.52447385   3.23978072]
 [ 25.38503941   3.13365442   3.50439587]
 [ 12.46498889   3.85572684   3.66552138]
 [ 13.00168782   3.50123731   3.15864599]
 [  9.71420989   2.03290534   3.13455281]
 [  8.97304422   4.19825682   3.89262192]
 [  0.39917499   4.77254242   2.70100072]
 [ -0.52839109   2.35745858   4.48818258]
 [ 21.19435225   2.64306151   3.28852352]
 [ -8.66720992   2.90494027   4.30034439]
 [ -4.22238586   2.40713611   4.65313712]
 [ 20.10246319   3.63469593   2.81616471]
 [ -1.25761446   3.49702407   4.15847664]
 [-17.15043074   2.86212735   2.28146132]
 [ -2.50396358   2.21060962   4.39796483]
 [ 26.37787576   2.29770893   4.5535184 ]
 [-20.58826637   4.01314169   3.5956401 ]
 [ -6.225467     3.82384475   4.23129515]
 [  5.18249016   4.69847472   3.47969449]
 [ 10.65615493   4.96359413   3.40924438]
 [-16.79495743   4.23060813   2.39540607]
 [ 19.90862887   3.65780159   4.40418842]
 [-11.10846726   2.56679898   4.76255774]
 [ 24.87821339   4.90611937   2.91355893]
 [  7.14255379   3.16828982   4.12319779]
 [  1.77222786   4.34027641   2.47744192]
 [-22.70216575   3.42647946   2.09327178]
 [ 18.17503623   4.28013631   4.02353049]
 [ 27.07855991   4.748824     2.88288588]
 [-18.1950586    3.90252054   3.77152026]
 [ 29.37045975   3.58593551   4.74398526]